0.60
"[318.0, 154.336, 333.568, 164.984]"
"[318.0, 149.224, 333.568, 158.472]""
"[317.04, 142.576, 332.608, 153.224]"
"[317.04, 137.464, 332.608, 146.712]"

Basic
"[49.92, 153.856, 69.48, 164.504]"
"[49.92, 148.744, 69.48, 157.992]"

31 Dec 2017
[280.08, 635.296, 334.352, 645.944]

30 sept 2017
[343.68, 635.296, 399.152, 645.944]

31 dec 2016
[411.36, 635.296, 463.624, 645.944



AVONMORE

30 september
[272.16, 608.104, 320.648, 618.072]

31 December
[211.92, 607.144, 258.176, 616.632]
[336.48, 609.304, 382.496, 619.272]
[464.4, 611.704, 510.656, 621.672]
[400.56, 610.744, 446.816, 620.232]